0.015570
-0.110243
-0.022185
-0.006726
0.075178
0.517417
0.212382
0.009703
-0.041986
-0.009246
-0.001194
-0.020866
-0.003594
-0.001996
-0.002614
-0.007020
0.001142
0.015781
-0.006090
-0.003063
-0.004832
-0.000748
-0.016025
0.091761
-0.429147
-0.244181
0.039223
-0.073589
0.053753
-0.151939
0.036867
0.198603
0.276122
0.196015
0.223138
0.301877
0.015570
-0.139792
0.062097
0.136954
0.204028
0.002464
-0.156084
-0.047840
-0.136292
0.459859
-0.000180
0.000493
-0.007535
0.008460
0.002520
-0.001373
0.004331
0.004073
0.003600
0.000706
-0.013520
-0.003437
-0.012089
-0.011319
0.010586
0.003696
-0.000920
0.000178
-0.069317
-0.493956
-0.027602
-0.121782
-0.309303
0.116341
0.202666
0.120483
-0.129065
-0.331038
0.126844
0.188650
-0.263156
0.230728
0.061021
-0.089167
-0.014443
-0.005056
0.026176
0.018361
-0.003106
-0.017707
0.153629
0.041215
0.514369
-0.075459
0.040232
0.014856
0.066031
0.095406
-0.037467
-0.016720
0.045174
-0.019747
-0.003848
-0.011876
0.004558
-0.041460
0.020881
0.010203
0.013948
-0.000830
-0.467155
0.059559
0.245451
-0.292679
-0.031441
-0.299403
0.055228
0.268777
0.049690
0.148055
-0.214143
0.271488
0.053822
-0.012648
-0.033409
-0.001894
0.010829
-0.000557
0.008504
0.011446
0.000153
0.000474
0.004024
-0.003405
0.012989
0.001783
-0.015640
-0.000167
0.001185
-0.001026
0.003415
-0.007381
-0.006289
0.002272
-0.010097
0.021215
0.018195
0.444971
-0.167199
-0.101815
-0.011918
-0.012624
-0.060545
0.021963
-0.047415
-0.077167
-0.077598
0.104338
-0.348013
0.140100
-0.149842
-0.020097
0.042711
0.090507
0.049552
0.010981
0.440534
0.325523
0.097041
0.135255
-0.085772
-0.470515
0.000165
0.388441
0.033999
0.047396
-0.054270
-0.156581
0.475518
0.175837
-0.128562
-0.059599
-0.127811
-0.457344
-0.108028
-0.059789
-0.108610
-0.411210
-0.082903
0.043283
0.186023
-0.249532
0.093482
-0.068523
0.014398
-0.002813
-0.010384
-0.008824
-0.005534
-0.000301
-0.000882
0.000568
-0.001151
0.002186
0.000778
-0.000281
0.002494
0.000862
-0.000608
-0.000561
-0.000736
-0.000201
-0.000028
0.000056
0.383378
-0.010851
-0.033229
0.096026
-0.013185
0.053079
-0.144780
0.519176
0.130024
0.025809
0.024009
-0.105462
-0.084643
-0.000216
0.490780
-0.089370
0.387931
-0.130407
-0.202503
-0.172707
-0.097935
-0.119081
-0.019678
-0.034513
-0.000485
0.008353
0.001054
0.002545
-0.000696
0.000566
-0.001840
-0.003603
-0.000960
0.000543
0.003977
0.000174
-0.000541
-0.000369
0.000747
-0.000681
0.000526
-0.000095
0.002961
-0.051253
0.368831
0.106547
0.014426
0.022366
-0.137891
0.079133
-0.475874
0.465057
0.484627
-0.019715
-0.302562
-0.192458
-0.083808
-0.025636
-0.037599
-0.006289
0.008583
-0.025276
0.016164
-0.009411
0.067915
-0.006311
-0.027394
0.031362
0.003208
0.024326
0.004969
0.001533
-0.000422
0.003561
-0.009059
0.009583
0.003538
0.000112
0.000248
0.001939
0.001743
-0.000055
0.001666
0.000825
0.014492
-0.101078
-0.019898
-0.005954
0.067927
0.473637
0.197278
0.010856
-0.040712
-0.007755
-0.005001
-0.023295
-0.005572
-0.004504
-0.005172
-0.002688
-0.000889
0.001489
0.000054
-0.004225
0.003355
-0.001168
0.003006
0.040950
-0.189791
-0.089889
0.001700
-0.043080
0.092902
0.070532
0.024288
-0.152674
-0.075978
-0.012794
-0.286427
-0.372752
-0.117406
0.297303
-0.071462
-0.264719
-0.478467
0.019946
-0.148562
-0.045822
-0.128479
0.435280
-0.000978
-0.002004
-0.005996
0.008583
0.004285
-0.003384
-0.000976
0.001033
0.001738
-0.004191
-0.011933
0.001284
-0.000108
-0.001580
0.004148
0.004578
0.000554
-0.001055
-0.052610
-0.287834
-0.030812
-0.036953
-0.042164
0.053051
-0.063457
-0.132170
-0.020449
0.237070
-0.056358
-0.168084
0.618099
-0.357070
-0.187108
0.126580
0.019522
-0.025728
-0.063053
-0.042855
-0.002957
-0.015850
0.138426
0.037921
0.436312
-0.067757
0.033372
0.012159
0.061285
0.048509
-0.054692
0.001453
0.006613
-0.032817
0.003267
-0.003506
-0.000317
-0.018640
0.017285
0.007407
-0.001032
-0.000774
-0.243436
0.031650
0.009540
-0.007695
0.005006
0.043878
-0.078491
-0.266067
-0.054784
-0.141515
0.493996
-0.589087
-0.118170
0.015355
0.037846
-0.012337
-0.033174
-0.005546
-0.030613
-0.026803
0.000156
0.000268
0.003430
-0.002587
0.009803
0.001316
-0.010997
-0.000572
0.001332
-0.001099
0.002372
-0.005612
-0.004509
0.001332
-0.007895
0.016746
0.014698
0.363089
-0.137866
-0.083143
-0.009305
-0.007047
-0.051671
0.011508
-0.053168
-0.037125
-0.039756
0.054235
-0.200234
0.108379
-0.091829
-0.055234
0.051345
-0.000977
-0.015023
-0.136205
0.015156
0.157780
0.162669
0.079817
0.180270
0.809031
-0.000695
0.397222
0.035803
0.051312
-0.030781
-0.072248
0.388525
0.137930
-0.075041
0.006547
0.060120
-0.021804
-0.005283
-0.050963
-0.018520
0.387137
0.070246
-0.054719
-0.390015
0.468489
-0.286759
0.193692
-0.013307
-0.007839
0.001908
-0.002238
0.001026
-0.000514
-0.003105
0.000857
0.001799
-0.001967
0.000004
0.001223
-0.002784
0.000141
0.000167
0.000378
0.001572
0.000422
0.000088
-0.001155
0.390837
-0.010273
-0.035124
0.109580
-0.011954
0.030469
-0.107733
0.388613
0.095430
0.013370
-0.022797
-0.010592
0.003989
0.009128
-0.006618
0.082640
-0.371996
0.257617
0.399464
0.364099
0.239156
0.314415
0.012793
0.006313
0.000721
-0.005558
-0.002412
-0.004150
-0.001231
-0.000627
-0.000366
0.009586
0.000761
0.000555
-0.003653
-0.000177
-0.001234
0.002019
-0.000048
0.000951
-0.000341
0.000087
0.002056
-0.050497
0.377618
0.108874
-0.015110
0.018414
-0.129891
0.082770
-0.484059
-0.131161
-0.471968
0.006419
0.019006
0.576020
0.006704
0.037762
0.041987
-0.009943
-0.036520
0.036607
-0.032825
0.026819
0.051497
-0.011348
-0.004055
-0.000374
-0.011173
-0.022544
-0.002023
0.026878
0.000519
0.013596
0.007448
-0.004504
0.002310
0.000617
-0.000454
-0.001602
-0.001694
-0.000627
-0.001558
0.000547
0.012124
-0.083422
-0.016263
-0.004729
0.054739
0.387661
0.164842
0.010544
-0.035936
-0.007961
-0.002415
-0.019417
-0.004008
-0.002765
-0.009614
-0.002928
-0.003653
-0.016355
0.013719
0.000124
-0.000957
0.002679
0.016009
-0.034411
0.167920
0.077154
-0.077648
0.009432
0.021150
0.103305
-0.085502
-0.181721
-0.366589
-0.308253
-0.022535
-0.268347
0.222970
-0.201295
-0.187491
0.216439
0.484466
-0.087631
-0.139975
-0.043597
-0.119819
0.407988
-0.001159
-0.004140
-0.001272
0.011456
0.006607
-0.000900
-0.002044
-0.002754
-0.002350
-0.000742
0.003014
0.000086
0.010235
0.018491
-0.005274
-0.007102
-0.001689
-0.004244
-0.015024
-0.001190
-0.078935
0.068827
0.258736
-0.057955
-0.196822
-0.104689
0.248328
0.507235
-0.176180
-0.108709
-0.526439
0.054170
0.122671
0.004877
0.028342
0.065969
0.058150
0.015423
-0.003117
-0.015560
0.135984
0.037593
0.406224
-0.067099
0.042203
0.006837
0.097034
-0.005115
-0.044052
-0.009772
0.034831
0.017472
0.008508
-0.000215
-0.009067
-0.000094
-0.001602
0.004335
0.002990
0.001240
0.017193
0.004972
-0.193600
0.248560
0.137255
0.429222
-0.037146
-0.447230
0.031526
-0.230647
-0.340382
0.342979
0.028164
-0.011631
0.005412
0.020616
0.030393
0.014124
0.029318
0.014540
0.000189
0.000209
0.005022
-0.003133
0.012657
0.002613
-0.013172
-0.000899
0.002114
-0.000231
0.003707
-0.006149
-0.007676
0.001769
-0.009315
0.023415
0.020602
0.505813
-0.190718
-0.111882
-0.012986
-0.013416
-0.048900
-0.002048
-0.019807
-0.009999
-0.022388
0.046609
-0.097739
-0.017106
-0.009857
0.077860
-0.088220
-0.028454
0.033073
0.111732
-0.170248
-0.475238
-0.502380
-0.359698
-0.112834
-0.016971
-0.001051
0.401224
0.037355
0.053464
-0.006569
0.038614
0.179916
0.056159
-0.020272
0.070053
0.072338
0.458678
0.066753
0.116481
0.099266
0.382091
0.120825
0.022842
0.215891
-0.243331
0.441783
-0.294459
-0.003323
-0.002606
-0.001921
0.001952
0.003639
0.001431
0.002818
-0.002721
-0.002515
-0.001635
0.001729
0.000051
0.001997
0.000779
0.001172
-0.000303
-0.000270
0.002633
0.000624
0.000860
0.393473
-0.009690
-0.037138
0.122663
-0.003947
0.002215
-0.043799
0.141556
0.039253
-0.008143
-0.036792
0.106311
0.107347
-0.004308
-0.474488
0.108922
-0.407517
-0.132413
-0.188133
-0.216771
-0.302583
-0.430965
-0.000442
0.020930
0.001554
-0.002700
0.005802
-0.003018
-0.000430
0.000467
0.009597
-0.002512
0.002049
-0.000349
0.000588
-0.001495
0.000753
-0.001762
-0.000849
0.000269
-0.000279
0.000829
0.001608
-0.050630
0.381009
0.107724
-0.069614
0.012348
-0.043918
0.042593
-0.173425
-0.504490
0.169162
-0.047359
0.558076
-0.432421
0.093206
0.021453
0.022207
0.015943
0.029071
-0.011371
0.046777
-0.031862
0.027032
-0.001193
0.023097
-0.038100
-0.001696
-0.025804
-0.016076
-0.014633
0.003165
-0.006767
0.002937
-0.000076
-0.005571
-0.001102
-0.002806
-0.001413
-0.000122
-0.000261
0.000290
-0.000570
0.009709
-0.066353
-0.012429
-0.003766
0.043127
0.303123
0.132642
0.008476
-0.029159
-0.006993
-0.002346
-0.012108
-0.002829
-0.002514
-0.011665
-0.006387
-0.004463
-0.010877
0.007721
0.000768
0.003170
-0.000273
0.014405
-0.070791
0.377066
0.183265
-0.053756
0.094857
-0.138475
0.013663
-0.043312
0.040385
-0.220544
-0.199087
0.143954
0.458566
0.058981
-0.114919
0.435848
-0.148219
-0.326769
0.109807
-0.134504
-0.042057
-0.114079
0.389707
-0.002585
-0.005698
0.002323
0.016637
0.006435
0.005942
-0.001008
-0.006287
-0.003044
0.000088
0.018901
-0.001361
0.004192
0.021446
-0.005564
-0.003025
0.001985
0.004576
0.053692
0.335811
-0.010724
0.167484
0.403012
-0.282798
-0.105343
0.209236
0.217072
-0.505408
0.074462
0.025743
0.216413
0.098180
0.049273
-0.043390
-0.042907
-0.009043
-0.034612
0.012159
-0.002978
-0.013373
0.116467
0.032363
0.325514
-0.056136
0.049412
-0.002197
0.134134
-0.008860
-0.031495
0.001746
0.033310
-0.033198
0.010169
0.007719
-0.000298
0.019026
-0.007726
-0.007570
-0.007285
0.000616
0.285176
-0.028823
-0.257084
0.376583
0.051298
0.179312
0.277407
0.585059
-0.115511
0.264039
0.095811
-0.099459
0.061190
0.032072
0.019527
0.000622
-0.008942
-0.007819
-0.011249
-0.004592
0.000166
-0.000092
0.004222
-0.002049
0.009665
0.002663
-0.007183
-0.000947
0.002358
0.000472
0.001348
-0.005022
-0.004687
0.004740
-0.005238
0.015037
0.013091
0.381095
-0.144788
-0.088297
-0.009396
-0.007186
-0.004312
-0.003719
0.019523
0.049196
0.046193
-0.090318
0.229072
-0.020343
0.099159
-0.101495
0.001200
-0.053182
-0.154745
-0.118239
-0.509590
-0.079938
0.543591
0.024104
0.227359
-0.290603
-0.002030
0.401365
0.037147
0.055193
0.023287
0.148421
-0.100327
-0.046068
0.016668
0.072850
0.093928
0.418483
0.185869
0.086702
0.120345
-0.376399
-0.086460
0.045706
0.167578
-0.168218
-0.485965
0.331051
-0.009022
0.007242
0.000999
0.006846
-0.000355
0.002697
-0.001042
-0.001358
0.000471
0.002241
-0.003561
-0.001429
0.000282
-0.003734
0.000700
0.003055
-0.001050
-0.003257
-0.003223
0.000021
0.392963
-0.008833
-0.037742
0.130234
0.005440
-0.029668
0.031916
-0.147895
-0.020883
-0.015312
-0.006390
0.116211
0.060104
-0.027608
-0.459160
-0.119406
0.404779
-0.109052
-0.207954
-0.156959
0.312536
0.466813
0.008800
0.009154
-0.006917
0.000451
0.006358
-0.000142
0.001720
-0.004791
-0.009864
-0.005185
0.000324
-0.002327
-0.002022
0.002909
0.001558
-0.001342
-0.001051
-0.000634
0.000374
-0.001528
0.001229
-0.049505
0.378294
0.106693
-0.138734
0.014440
0.078580
-0.033748
0.266297
-0.428610
-0.066204
0.291524
-0.657558
-0.152698
-0.017698
-0.034818
-0.047576
-0.006790
0.007089
-0.018796
-0.049705
0.030152
-0.074763
0.013575
0.024423
-0.036935
0.023208
0.009199
0.013002
0.010660
-0.001605
0.000395
-0.012025
0.013364
0.002283
-0.000383
-0.001552
-0.000360
0.000852
0.002493
-0.000022
0.000209
0.007126
-0.048398
-0.008386
-0.003015
0.031374
0.216410
0.097997
0.005198
-0.021288
-0.004820
-0.002580
-0.009088
-0.002091
-0.000905
-0.011358
-0.006180
-0.000281
0.006960
0.000986
-0.004538
0.001804
0.000243
0.003455
-0.085602
0.417073
0.263856
0.056665
0.110055
-0.171209
0.027576
0.049442
0.070176
0.250063
0.193538
-0.044096
0.169138
-0.380110
0.433457
-0.334777
0.023371
0.238675
-0.055642
-0.099236
-0.031049
-0.083523
0.285608
-0.003981
-0.005518
0.001920
0.019928
0.003459
0.007436
-0.004658
-0.004254
-0.002157
0.002538
0.023659
0.001758
0.002414
-0.006252
-0.012757
-0.003098
-0.002976
-0.004001
0.102752
0.543216
0.158556
0.008438
-0.121701
-0.028939
0.161641
-0.179624
-0.678273
0.122194
-0.000587
0.088700
-0.076079
-0.015096
-0.054217
0.015686
0.006110
-0.044754
0.016351
-0.003522
-0.002736
-0.011486
0.098500
0.027871
0.260771
-0.046074
0.050673
-0.007902
0.154754
0.014525
-0.001250
0.014782
-0.028241
0.008575
0.003790
0.000132
0.005725
0.015137
-0.013653
-0.008819
-0.013285
-0.001324
0.580099
-0.074895
0.002483
0.041364
-0.439056
-0.491535
-0.257254
-0.163359
0.120157
-0.020330
-0.003930
0.058483
-0.020429
-0.020625
-0.010618
0.003538
-0.002398
-0.015390
0.007124
0.005121
0.000105
-0.000288
0.003570
-0.001393
0.007269
0.003789
-0.003691
-0.000188
0.001942
0.001463
-0.000127
-0.005399
-0.002761
0.001383
-0.003764
0.009307
0.011582
0.292253
-0.114456
-0.064224
-0.008491
-0.006072
0.049282
-0.038626
0.171022
0.060333
0.028673
-0.147852
0.546815
-0.230790
0.146469
0.036582
-0.062343
-0.070634
0.068149
0.116636
0.124685
0.152242
-0.208658
0.504207
-0.295373
0.107096
-0.002839
0.396499
0.036174
0.054950
0.048075
0.225098
-0.325569
-0.128719
0.058874
-0.001064
-0.071526
0.011515
-0.014432
-0.050427
0.025015
-0.388770
-0.140187
-0.040950
-0.372935
0.372897
0.365204
-0.257965
0.013462
0.001400
0.002646
0.004608
0.000979
0.000193
-0.003865
0.004847
0.000924
0.000561
0.000623
-0.003904
-0.002246
-0.001739
0.000489
-0.001306
-0.000543
0.001300
0.003417
-0.000555
0.387581
-0.007335
-0.036389
0.134673
0.013188
-0.054718
0.093566
-0.381123
-0.089629
-0.013510
0.030792
-0.000006
-0.033929
0.008633
-0.008034
-0.110483
0.383520
0.196517
0.357370
0.371729
-0.234347
-0.378717
0.002418
0.014405
0.000236
0.004156
-0.009721
0.007863
0.005829
0.002380
0.001690
-0.003465
-0.003065
0.004158
0.000006
-0.001093
-0.000905
0.001383
0.002414
-0.000627
-0.000113
0.001027
0.001673
-0.047942
0.367227
0.101611
-0.217275
0.028647
0.114937
-0.081975
0.448991
0.059563
0.439729
-0.230308
0.177803
0.527845
-0.048542
-0.048985
-0.019448
-0.013630
-0.036723
0.029467
0.048867
-0.021128
-0.099974
0.014850
-0.007272
0.029761
-0.013331
-0.004134
0.006992
-0.003573
-0.002544
0.000984
0.018045
-0.024863
-0.001785
-0.000050
0.004552
0.002436
-0.002135
-0.002556
-0.002342
-0.001063
0.003917
-0.026337
-0.004283
-0.001962
0.016681
0.114907
0.054034
0.002323
-0.011531
-0.002197
-0.000763
-0.005734
-0.001396
-0.000650
-0.006872
-0.005540
0.000566
0.013132
-0.001394
-0.003588
0.001891
0.001871
0.006402
-0.083111
0.311356
0.222712
0.097956
0.037942
-0.038824
-0.041546
0.035914
0.108129
0.417157
0.363220
-0.042849
-0.449645
0.219026
-0.433324
0.127203
0.099254
-0.172202
0.016747
-0.050613
-0.015750
-0.042383
0.144659
-0.002828
-0.004093
-0.000905
0.015456
0.001033
0.002719
-0.002147
-0.001594
0.003152
0.001686
0.017321
0.002596
0.008985
-0.013646
-0.009247
-0.005911
0.008747
0.009130
0.056250
0.454137
0.123083
-0.165114
-0.464718
0.453131
0.065270
0.101989
0.524807
0.029032
0.065155
-0.029209
0.029119
-0.047482
-0.000567
-0.024096
0.011146
0.019046
0.004092
0.001310
-0.001387
-0.006262
0.051875
0.014529
0.129680
-0.021395
0.028501
-0.006703
0.094820
0.037733
0.017205
-0.011383
0.009836
0.046580
0.004063
-0.003507
0.008000
0.015991
-0.010735
-0.002278
-0.010917
-0.004028
0.490901
-0.100885
0.261076
-0.622217
0.431135
0.243841
-0.007125
0.050346
-0.064050
-0.032267
0.016486
-0.044817
-0.019568
-0.005635
-0.037889
-0.028148
-0.001488
0.026026
-0.008337
0.000613
0.000153
-0.000350
0.001532
-0.000776
0.002798
0.003411
0.001354
-0.000120
0.001173
0.000211
-0.002017
-0.001984
-0.001779
0.000910
-0.001549
0.003654
0.003641
0.103213
-0.040178
-0.022100
-0.001470
-0.002124
0.045532
-0.047700
0.144055
0.022981
0.076695
-0.084125
0.368836
-0.166978
0.151474
0.060691
0.078832
0.026906
0.081060
-0.015786
0.422027
0.219721
0.068671
-0.643717
0.313265
0.025843
-0.003178
0.386967
0.034660
0.053978
0.071385
0.252250
-0.444163
-0.166180
0.108735
-0.099642
-0.033360
-0.461080
-0.138885
-0.051069
-0.133470
0.401496
0.119530
-0.016192
0.200522
-0.188803
-0.127250
0.096396
0.001992
0.008300
0.009746
0.000357
0.000821
-0.002229
0.003221
-0.002143
0.000667
-0.000269
0.001875
0.005312
0.000481
0.003752
-0.002561
-0.001800
0.001268
-0.000356
-0.000963
0.000909
0.378721
-0.005912
-0.035248
0.133756
0.017269
-0.070189
0.139490
-0.510086
-0.133950
0.002021
0.007894
-0.112735
-0.055262
0.013435
0.495537
0.129647
-0.395498
-0.079914
-0.164548
-0.194015
0.082054
0.147153
-0.003660
-0.012368
0.005009
-0.004668
-0.000623
-0.003498
-0.005369
0.001936
0.000881
0.005719
0.000914
-0.002538
0.001537
-0.000549
0.000656
0.000284
-0.001252
0.000640
-0.000119
-0.000331
0.000755
-0.046155
0.350552
0.094807
-0.296323
0.054341
0.062795
-0.088013
0.264182
0.534870
-0.514324
-0.007533
0.174231
-0.321697
0.040554
0.053692
0.041150
0.015741
0.028402
-0.012095
-0.028504
0.007205
-0.008003
-0.007644
-0.005241
0.005143
-0.000769
0.011866
-0.006271
-0.016661
0.001489
-0.009510
-0.009710
0.010806
0.000071
0.001039
0.000697
-0.000463
0.001851
0.001218
0.002116
-0.000048
